Mixture	iCAF	mCAF	tpCAF	vCAF	Pericyte	apCAF	rCAF	P-value	Correlation	RMSE
mirror_db_sample1	0.39030726049458914	0.10994226427462957	0.22711024321473117	0.07162053965023896	0.07413901100409673	0.12039501887765867	0.00648566248405598	0.00000000000000000	0.99602539507142973	0.40300552966900710
mirror_db_sample2	0.38953665880081811	0.08709573024750358	0.24123557672678811	0.12177028005918508	0.00000000000000000	0.12921695892972038	0.03114479523598472	0.00000000000000000	0.99701291668846515	0.37076974352109199
mirror_db_sample3	0.37364808667322913	0.08198695337830454	0.16826046058883856	0.12734105188051953	0.07047000905018540	0.16631698913303383	0.01197644929588908	0.00000000000000000	0.99715430969287988	0.39533912928115245
mirror_db_sample4	0.34586165936874952	0.12273655645708102	0.26869254089596839	0.10015368636747642	0.02762482142140889	0.13493073548931550	0.00000000000000000	0.00000000000000000	0.99590167425064446	0.37478592734253202
mirror_db_sample5	0.39569926778728937	0.08276587864554145	0.26110570305320607	0.06874534931029075	0.10791516099446655	0.08376864020920569	0.00000000000000000	0.00000000000000000	0.99742518689543103	0.39487223332681337
mirror_db_sample6	0.33211000910613125	0.11697352930629841	0.33693378449503936	0.00000000000000000	0.08944091231461541	0.11660448904872586	0.00793727572918959	0.00000000000000000	0.99554778154995016	0.38766386406207243
mirror_db_sample7	0.38515012967251394	0.12957517122173878	0.22083254213166498	0.06549099649241780	0.04332145321516252	0.14363594494080106	0.01199376232570079	0.00000000000000000	0.99675112116542908	0.40140110201207096
mirror_db_sample8	0.38894059313349827	0.06694292853867548	0.29146954582776752	0.06641198130461171	0.04345625222974418	0.11972931234708370	0.02304938661861910	0.00000000000000000	0.99754210915323605	0.37058267201243716
mirror_db_sample9	0.45166237338852755	0.12006213029772043	0.15192138014711606	0.10276277956971661	0.05119884354009607	0.10458645041881050	0.01780604263801273	0.00000000000000000	0.99667096812417333	0.41682520158701297
mirror_db_sample10	0.40308809053592032	0.15246447012677589	0.12228733116631511	0.07975446980272125	0.00000000000000000	0.16982275792169210	0.07258288044657547	0.00000000000000000	0.99760927603086569	0.42325527923763273
mirror_db_sample11	0.35078489517607325	0.09882841858626390	0.30471798309988718	0.05480428501964584	0.08826573879489835	0.10259867932323138	0.00000000000000000	0.00000000000000000	0.99541805642972159	0.38509258204586072
mirror_db_sample12	0.38928048329915216	0.13114810066211324	0.17423545240842345	0.07575294015350986	0.07517280529776993	0.15441021817903139	0.00000000000000000	0.00000000000000000	0.99635814428333203	0.41527341442535254
mirror_db_sample13	0.32657039897815227	0.13983323850361501	0.30510280326784861	0.02486078500078412	0.07175677604534191	0.11607981338165044	0.01579618482260763	0.00000000000000000	0.99668838521058190	0.39649419619132270
mirror_db_sample14	0.34826846012335178	0.07848596403702907	0.22285582633356399	0.07410897633585906	0.12729675629568898	0.13019130598608103	0.01879271088842618	0.00000000000000000	0.99623280973685091	0.41012196503096082
mirror_db_sample15	0.35991256628597806	0.17853845820190914	0.15130808028776091	0.10095106237901919	0.05204696361053057	0.15724286923480219	0.00000000000000000	0.00000000000000000	0.99637138734338415	0.42210155144992273
mirror_db_sample16	0.33058796646217437	0.06900533096820763	0.26834073401919595	0.09061160889593996	0.12876298347886225	0.11269137617561989	0.00000000000000000	0.00000000000000000	0.99259619517875552	0.39428400421274939
mirror_db_sample17	0.26826873671139539	0.20955009006879186	0.14861512658349951	0.04482785463699328	0.08846324403253425	0.13881110303511610	0.10146384493166952	0.00000000000000000	0.99498771216145576	0.45571897611485890
mirror_db_sample18	0.40447770791312954	0.09693694120801900	0.22453896083807415	0.12102406315083193	0.04533370723634135	0.10260402157997833	0.00508459807362574	0.00000000000000000	0.99604577111762105	0.38565745185632222
mirror_db_sample19	0.38108658275567814	0.10405484823354635	0.19429045943917966	0.09183316020046361	0.08028746172758522	0.14844748764354707	0.00000000000000000	0.00000000000000000	0.99629632384401801	0.40238309203230177
mirror_db_sample20	0.41013037395910551	0.11662366349595434	0.26804874946993851	0.06878766246871076	0.00769752515263011	0.12479968754040573	0.00391233791325498	0.00000000000000000	0.99739589790634553	0.37477785585187423
mirror_db_sample21	0.37651309246755826	0.06746463017306349	0.17544611704728416	0.14354866846544115	0.06042840603302062	0.15646669739855401	0.02013238841507831	0.00000000000000000	0.99531606243601600	0.39011742387102510
mirror_db_sample22	0.39029565927410154	0.14613084695499209	0.19959774263877705	0.10195852859096941	0.03193460092194776	0.13008262161921214	0.00000000000000000	0.00000000000000000	0.99607203123604948	0.40035423677672338
mirror_db_sample23	0.40611685198845782	0.16072735389073073	0.19129950723223080	0.02557512795622151	0.10623121323884996	0.10954531006219585	0.00050463563131332	0.00000000000000000	0.99667096562837876	0.43806654016934388
mirror_db_sample24	0.38466521731006581	0.11312609187238112	0.23720642779648407	0.05385859853976546	0.03757652647060632	0.11721086838124695	0.05635626962945022	0.00000000000000000	0.99730168079792814	0.40333772124302114
mirror_db_sample25	0.31696680166572067	0.11225123496479747	0.22694894775727534	0.06749526026770337	0.10103091514365553	0.15151063512595678	0.02379620507489076	0.00000000000000000	0.99520272804424992	0.41241430396204787
mirror_db_sample26	0.37668423507290499	0.09881227908460140	0.26393852120322381	0.02925114737158994	0.13723291665954207	0.09069868081778064	0.00338221979035710	0.00000000000000000	0.99589179968905117	0.41388405822764979
mirror_db_sample27	0.39385522821775210	0.09194918404074359	0.25051140589144671	0.07029591839400026	0.02861609768727551	0.14068998455273746	0.02408218121604420	0.00000000000000000	0.99693667753199255	0.38302836640345034
mirror_db_sample28	0.32742151611675668	0.11452102661740450	0.23231287010797771	0.04550116238524700	0.15469138592748888	0.12430028950988045	0.00125174933524473	0.00000000000000000	0.99321635975561418	0.42654331884795188
mirror_db_sample29	0.37185570633861026	0.08362897682322387	0.12162623837079496	0.18036461300484144	0.07124128985180088	0.17128317561072853	0.00000000000000000	0.00000000000000000	0.99577120639837058	0.39303990362336361
mirror_db_sample30	0.40138942188138393	0.10184961138720670	0.20347708939295758	0.09076009697520634	0.02184853237419996	0.13722358895537717	0.04345165903366840	0.00000000000000000	0.99736673827800226	0.39616949933124401
mirror_db_sample31	0.37778273194372930	0.14966648693748524	0.22554137206748773	0.06879707537094332	0.05388894258816380	0.12245209196070796	0.00187129913148258	0.00000000000000000	0.99644222110425862	0.40634760731200220
mirror_db_sample32	0.37588311259249413	0.10841817835402036	0.19237076088447558	0.10813158068448879	0.07629716784469079	0.09780126876741500	0.04109793087241533	0.00000000000000000	0.99677794622210847	0.41314140428719254
mirror_db_sample33	0.39490818171519726	0.10443380366768122	0.24578014770348344	0.08888497016212771	0.07632846350382318	0.08966443324768700	0.00000000000000000	0.00000000000000000	0.99698169596937525	0.39342865800062710
mirror_db_sample34	0.33769536506099307	0.06404289611424893	0.21171950132192116	0.09038429721439142	0.14149557873251783	0.13594617977904341	0.01871618177688425	0.00000000000000000	0.99648430724740134	0.40861048078242396
mirror_db_sample35	0.37180856049652494	0.11427840573206270	0.24755418337673935	0.03288112133930896	0.10346353547628920	0.12208583521942540	0.00792835835964943	0.00000000000000000	0.99476611375173019	0.41335809384642136
mirror_db_sample36	0.37784271995445667	0.14445318257068954	0.24256527252493318	0.06814090884925135	0.06227169024350484	0.08025096936312093	0.02447525649404354	0.00000000000000000	0.99775064078924558	0.41152279595307961
mirror_db_sample37	0.35735820993412321	0.10682455446716371	0.28928097110393547	0.07624869944819382	0.03639063879687734	0.13389692624970659	0.00000000000000000	0.00000000000000000	0.99605034122809732	0.37118779521595263
mirror_db_sample38	0.40435780469855415	0.11322366219106531	0.22759950078695709	0.06340991447141794	0.04589275244588997	0.14551636540611557	0.00000000000000000	0.00000000000000000	0.99641609178158064	0.39269871499705439
mirror_db_sample39	0.34614269278457621	0.08012369631142754	0.30432506388550834	0.07841622781007734	0.05515476678156815	0.10797856710701055	0.02785898531983184	0.00000000000000000	0.99695777668716523	0.37389276212727940
mirror_db_sample40	0.47225337423143465	0.06267971316830089	0.15738743637563968	0.14467864370505398	0.03415950745373424	0.12884132506583651	0.00000000000000000	0.00000000000000000	0.99607499233296726	0.38220995919217288
mirror_db_sample41	0.36143817861213223	0.17407880668740569	0.25675835051242146	0.04652476330941039	0.04262914954136614	0.10170219817883905	0.01686855315842518	0.00000000000000000	0.99673512013870025	0.41121122572720442
mirror_db_sample42	0.40626471874207343	0.21135319855386536	0.11664109899778767	0.09778183574548277	0.00776193506166671	0.15857480996294984	0.00162240293617408	0.00000000000000000	0.99682791794471737	0.42885942536936505
mirror_db_sample43	0.38790677796825163	0.10307440825655796	0.26467167418899984	0.10034130891832582	0.04554947784057486	0.09845635282728972	0.00000000000000000	0.00000000000000000	0.99583544055877071	0.37975475989701468
mirror_db_sample44	0.39478087255741362	0.07646450622124305	0.21300304106926329	0.09783579032329419	0.02008657048856045	0.17814231145856438	0.01968690788166098	0.00000000000000000	0.99546759428344700	0.37980814835993792
mirror_db_sample45	0.40191266424467326	0.12379219655004174	0.20505082428293062	0.13483852980796526	0.01247485648878097	0.12193092862560806	0.00000000000000000	0.00000000000000000	0.99591765097354867	0.38342847071861463
mirror_db_sample46	0.38830514558719337	0.09190710183227439	0.32601647359634545	0.03940779879464932	0.00582325855609501	0.14854022163344238	0.00000000000000000	0.00000000000000000	0.99596581961643016	0.35285372576102142
mirror_db_sample47	0.34182126943231406	0.10941556146458345	0.19441079359396798	0.03690555226141758	0.11852219636334700	0.12408986067431603	0.07483476621005383	0.00000000000000000	0.99666148355024387	0.43470954530872374
mirror_db_sample48	0.37834114633948462	0.06002930389033682	0.20934363849067053	0.11894058740221121	0.05704774535165522	0.12237116177268112	0.05392641675296064	0.00000000000000000	0.99640520634371244	0.39016760994852079
mirror_db_sample49	0.39907555157997376	0.16158385340730222	0.22767307046193702	0.05514306069258795	0.04156627401885025	0.11224355781363118	0.00271463202571761	0.00000000000000000	0.99740988281866561	0.40820245099585328
mirror_db_sample50	0.33822616973394748	0.11285105711469803	0.28893253225094201	0.05350207749995663	0.08377334151778566	0.10997321094802955	0.01274161093464057	0.00000000000000000	0.99434369731947403	0.39703695053918264
mirror_db_sample51	0.32652969340869786	0.09096861843857341	0.33706902199452560	0.05512758925692745	0.04829407552508389	0.13189963323878201	0.01011136813740982	0.00000000000000000	0.99636051380700374	0.36183420654796139
mirror_db_sample52	0.40254567071403713	0.10008173946908445	0.20403283700377114	0.11264301310961797	0.04357555226305517	0.12948637422167647	0.00763481321875752	0.00000000000000000	0.99716930360649170	0.38966885466873141
mirror_db_sample53	0.34215410680334379	0.09881185558312129	0.23703143165185361	0.07248448822022154	0.07867562915608875	0.13071521148182452	0.04012727710354654	0.00000000000000000	0.99684953386272968	0.40356705469366061
mirror_db_sample54	0.37162546774576011	0.10684385618412987	0.11845106039177658	0.15594490295077607	0.12023495968786130	0.12689975303969619	0.00000000000000000	0.00000000000000000	0.99497057813022582	0.41970384587845427
mirror_db_sample55	0.41041851602042140	0.08553969380293956	0.12424404014981633	0.15883075399056948	0.04929485538201182	0.14162062447695536	0.03005151617728628	0.00000000000000000	0.99627004782718476	0.40216743989410203
mirror_db_sample56	0.36483473918684128	0.14579939021581717	0.20546887376027337	0.09902124900262031	0.01736497356625270	0.15041881157250267	0.01709196269569241	0.00000000000000000	0.99701797201925002	0.39760613611149576
mirror_db_sample57	0.43444948799924965	0.14415200371120204	0.09926561154618566	0.08832859449986810	0.05334733980323307	0.15565719471286008	0.02479976772740135	0.00000000000000000	0.99557897372579196	0.43791242088047994
mirror_db_sample58	0.35988809190514992	0.16675294315962652	0.24700892438702932	0.08029346434858184	0.01254900017968368	0.13350757601992874	0.00000000000000000	0.00000000000000000	0.99644521631312066	0.39071707656299326
mirror_db_sample59	0.40173126533777764	0.11736433510033932	0.28069590040491804	0.05879478866113684	0.04826885630447167	0.09314485419135653	0.00000000000000000	0.00000000000000000	0.99718027694226996	0.38526138485717359
mirror_db_sample60	0.37235751340370649	0.07821778262760841	0.23617725768024603	0.08975424771395672	0.02019312007607859	0.15352708040676322	0.04977299809164054	0.00000000000000000	0.99690048590962788	0.38078584897575185
mirror_db_sample61	0.34318571929723307	0.08333187072873967	0.27706911562831632	0.04997935367450352	0.11681766821369571	0.09284960235295681	0.03676667010455490	0.00000000000000000	0.99423445268614774	0.40891198810783230
mirror_db_sample62	0.40966506711972761	0.12683405568133313	0.20270369330612281	0.07875389777393110	0.05206820554369850	0.12997508057518695	0.00000000000000000	0.00000000000000000	0.99731627481759200	0.40209680289945171
mirror_db_sample63	0.35837725175142982	0.13036384829198822	0.25686725180410436	0.05834119996398598	0.03977448951814092	0.13080546204739163	0.02547049662295900	0.00000000000000000	0.99659041645480106	0.39697392443316815
mirror_db_sample64	0.31250611093360570	0.15171739832939632	0.23630820448896780	0.06068321896001894	0.12009239506784297	0.11394786816499657	0.00474480405517184	0.00000000000000000	0.99737612199385561	0.42055200363633377
mirror_db_sample65	0.38053615803002022	0.14162593806690149	0.21177939833820766	0.08753963071915499	0.03667297396687293	0.13320097746214410	0.00864492341669861	0.00000000000000000	0.99697033286879277	0.40113407693043834
mirror_db_sample66	0.32528294489042137	0.17051407364179372	0.22497291697921315	0.03182768971496503	0.08977497877768886	0.13659936790542646	0.02102802809049136	0.00000000000000000	0.99717237994896668	0.42870396370687047
mirror_db_sample67	0.38615985872486147	0.10074988570050621	0.25856080241815549	0.05011604657236134	0.05362374447089045	0.12839234551017761	0.02239731660304744	0.00000000000000000	0.99835939318176459	0.39084696411231595
mirror_db_sample68	0.33881049074894548	0.11592096476122501	0.18735576560143805	0.07931731352577981	0.13399750932293419	0.11896935631792767	0.02562859972174981	0.00000000000000000	0.99538835436348161	0.43287532812195029
mirror_db_sample69	0.33979024108477029	0.10031086785114636	0.21337687754750712	0.06466025174598472	0.10311112448002425	0.14130959412662825	0.03744104316393903	0.00000000000000000	0.99515581267942188	0.41827315562071049
mirror_db_sample70	0.38835624402339658	0.06455423219151422	0.19493270850490538	0.10556924722364809	0.02965567995084024	0.17842499317124702	0.03850689493444858	0.00000000000000000	0.99564435365227888	0.38600499346572031
mirror_db_sample71	0.39909493007280761	0.05277326901721206	0.29772956864723765	0.12678233773693914	0.02475487377420933	0.09886502075159415	0.00000000000000000	0.00000000000000000	0.99678856717140252	0.34711256047179539
mirror_db_sample72	0.42720398083927663	0.05895271633074885	0.26141228890158225	0.14647904442195939	0.00000000000000000	0.10595196950643286	0.00000000000000000	0.00000000000000000	0.99685935874496046	0.34794724115874121
mirror_db_sample73	0.35529863982203919	0.07397058563443476	0.27175508347872895	0.09243792228300624	0.07844671877199559	0.10857808948557457	0.01951296052422061	0.00000000000000000	0.99370201554412407	0.38782014331963849
mirror_db_sample74	0.32776952719694324	0.13935687332708546	0.23331616553067550	0.05588797976632792	0.15016876004917137	0.08631899545096487	0.00718169867883178	0.00000000000000000	0.99516061533330658	0.43292655895030946
mirror_db_sample75	0.36854409680603667	0.09946405947244219	0.19072433545815723	0.06232515093666883	0.16466789333495668	0.08485267450705321	0.02942178948468511	0.00000000000000000	0.99613236364549518	0.44102587850535041
mirror_db_sample76	0.39442465974359464	0.08339144384508483	0.24048579159729877	0.06722497873067483	0.11224951138812198	0.07839799033543784	0.02382562435978705	0.00000000000000000	0.99603069498589514	0.41144335919906055
mirror_db_sample77	0.39328322648005531	0.10178935002782424	0.24145968236732399	0.11305972188661591	0.01367735166924278	0.12852914187257591	0.00820152569636171	0.00000000000000000	0.99696762860187493	0.37373370153908292
mirror_db_sample78	0.32872360391217537	0.18064607779193984	0.23810134484461318	0.04969130929610583	0.11030266744356326	0.09253499671160260	0.00000000000000000	0.00000000000000000	0.99702921777094267	0.42792062698811800
mirror_db_sample79	0.37338569379681241	0.13838417997903166	0.24939806878109716	0.08344538946828667	0.02519499498824580	0.13019167298652648	0.00000000000000000	0.00000000000000000	0.99731705870123011	0.38484606072176902
mirror_db_sample80	0.38028802206920231	0.14884798595963325	0.10342854924356924	0.13148830959464791	0.11904443598848473	0.11690269714446253	0.00000000000000000	0.00000000000000000	0.99589001691001600	0.43801817224827866
mirror_db_sample81	0.30698861260680332	0.17262922540141451	0.31400588981009325	0.00000000000000000	0.08085336232560368	0.11629781644415839	0.00922509341192679	0.00000000000000000	0.99610763128113444	0.40537856465847716
mirror_db_sample82	0.42668035805244409	0.11216944235157633	0.18517730757937848	0.10766452261221511	0.04529449133034642	0.11995638563458697	0.00305749243945267	0.00000000000000000	0.99732020301984603	0.39797779489608009
mirror_db_sample83	0.33813087987687651	0.13528123134616460	0.22575110365188480	0.06638317102398152	0.08270096371180705	0.15175265038928540	0.00000000000000000	0.00000000000000000	0.99640726199674590	0.40551995940190488
mirror_db_sample84	0.41034275163776729	0.11817561683106136	0.26323976628491802	0.05303626639035661	0.03555429687208409	0.10386083078449726	0.01579047119931547	0.00000000000000000	0.99741586078423783	0.39192121141171649
mirror_db_sample85	0.34849074248888517	0.04728441199653673	0.26182552096985334	0.12019421450277955	0.04969397854632941	0.17251113149561587	0.00000000000000000	0.00000000000000000	0.99504376367567349	0.35717705613419032
mirror_db_sample86	0.27890676615138477	0.16449462739434345	0.25782663877487971	0.03330655375857348	0.14150175600348339	0.09384104922220932	0.03012260869512590	0.00000000000000000	0.99491795375074787	0.43889314723673156
mirror_db_sample87	0.36475510581123866	0.13025310765692236	0.17853280334011543	0.09119993300038744	0.08639382485036896	0.14142891771537933	0.00743630762558796	0.00000000000000000	0.99623495287916808	0.41767244680530674
mirror_db_sample88	0.41187208621959615	0.13590825317549890	0.22984884726214908	0.09788885799558217	0.00000000000000000	0.12448195534717366	0.00000000000000000	0.00000000000000000	0.99783491918005607	0.38111034418639883
mirror_db_sample89	0.37157692300515005	0.10071749877961600	0.21195512753848320	0.09448470736226991	0.05836286476264804	0.16290287855183280	0.00000000000000000	0.00000000000000000	0.99677225524646407	0.38891805617343322
mirror_db_sample90	0.30941557955902443	0.09829877946023442	0.23083954693192071	0.09751053297629160	0.07801369636006579	0.12576762962298788	0.06015423508947523	0.00000000000000000	0.99607913029756767	0.40254981316695104
mirror_db_sample91	0.39383771471245360	0.10600586050558979	0.17654934335007663	0.13728277500540775	0.04746875670007716	0.13885554972639497	0.00000000000000000	0.00000000000000000	0.99760543193523799	0.38965114307851106
mirror_db_sample92	0.38302539497009025	0.13346255475269800	0.17899050818793344	0.08435041284452227	0.03620607048204347	0.12950752312762023	0.05445753563509229	0.00000000000000000	0.99601094554006098	0.41809468821080065
mirror_db_sample93	0.36199960047775193	0.12304209814743272	0.15093141372704627	0.10232427560471095	0.10276398067830962	0.13362604701534345	0.02531258434940507	0.00000000000000000	0.99677575097831184	0.42892879212210366
mirror_db_sample94	0.45623508345745389	0.07597820705478896	0.18980282408802368	0.10018567865751735	0.02697027348085120	0.12205049792951667	0.02877743533184836	0.00000000000000000	0.99740233897918595	0.39178554942068428
mirror_db_sample95	0.38666447363369383	0.10917231872020482	0.17664552794064900	0.06524431942879305	0.06599020165852264	0.17514576627312767	0.02113739234500902	0.00000000000000000	0.99580657797614891	0.41395009566087287
mirror_db_sample96	0.30436895510862849	0.14892541679091165	0.25382147762991586	0.05621079617550685	0.10689456953013603	0.11397218320654644	0.01580660155835473	0.00000000000000000	0.99639828919273288	0.41740351410404286
mirror_db_sample97	0.34660501743609518	0.09412623717850170	0.21346800464755425	0.04397733605224988	0.15769535878551183	0.13815628993508494	0.00597175596500219	0.00000000000000000	0.99601444402850103	0.42398089862697602
mirror_db_sample98	0.37035745990052488	0.09274567109728318	0.20158765107314977	0.14539279442422157	0.06295354468740523	0.12696287881741533	0.00000000000000000	0.00000000000000000	0.99615862906758268	0.38501309813230428
mirror_db_sample99	0.40435984112585249	0.11062963144153762	0.15661427233719044	0.13464566732030248	0.03748887521672746	0.15626171255838947	0.00000000000000000	0.00000000000000000	0.99628073899082714	0.39465907719548826
mirror_db_sample100	0.33093769787668026	0.14238694077168132	0.28798547028250060	0.04761896626556821	0.10457294566089130	0.08649797914267826	0.00000000000000000	0.00000000000000000	0.99615929595466735	0.40580326410462636
