Mixture	iCAF	mCAF	hsp_tpCAF	IDO_CAF	apCAF	dCAF	Pericyte	tpCAF	vCAF	rCAF	P-value	Correlation	RMSE
mirror_db_sample1	0.28757336564097269	0.10186980526290361	0.10801699596587454	0.01872508795680209	0.01587929566301013	0.09307868404383701	0.15872038276450584	0.04844340170173054	0.15209640227477592	0.01559657872558741	0.00000000000000000	0.98915602064498953	0.36360446749752029
mirror_db_sample2	0.40604647503387536	0.14818377009443987	0.06700056740558526	0.00000000000000000	0.03368361519198094	0.09452895684969602	0.10104479600636387	0.00257279114167714	0.12880402531101143	0.01813500296537001	0.00000000000000000	0.99124905943745223	0.33663479826416648
mirror_db_sample3	0.35171567638449580	0.14243407364980565	0.12074737963284880	0.01799902548312543	0.02445306153468094	0.10116343405945709	0.07646288161447216	0.02746029806647803	0.09563993551634187	0.04192423405829403	0.00000000000000000	0.99332211178432328	0.31404351298493693
mirror_db_sample4	0.42294130219502518	0.16880427385099439	0.04826440859127962	0.02866103153188333	0.01336994680727661	0.09833373273612400	0.08359951685142236	0.01769743134949210	0.10164056836838582	0.01668778771811667	0.00000000000000000	0.98790904815931668	0.33116414826817553
mirror_db_sample5	0.30749969522848514	0.09967659838440715	0.11346699174851901	0.00000000000000000	0.02076000864248332	0.07493125711911049	0.18131681019982415	0.04301028428290451	0.12115216792282631	0.03818618647143984	0.00000000000000000	0.99437596739624190	0.36398747227311856
mirror_db_sample6	0.35755784869739088	0.11380672131390131	0.08794764580232545	0.01571335055958264	0.02679836119192822	0.10500834982485437	0.12766119570192866	0.02625107982959630	0.09920551187239773	0.04004993520609427	0.00000000000000000	0.99242139164750898	0.31860442593265431
mirror_db_sample7	0.35144842020613265	0.10118850494132245	0.09020191540621159	0.06240145643428077	0.02643809724646310	0.09401037279201911	0.12720273828425366	0.02144995467528837	0.08002070813680014	0.04563783187722848	0.00000000000000000	0.95964108074302112	0.39150437667848165
mirror_db_sample8	0.32927470896031880	0.14549990450305264	0.07378620845193415	0.00494475608741959	0.02242391607464382	0.09615858505405851	0.12947156458631737	0.02431588927332318	0.08673475113896437	0.08738971586996740	0.00000000000000000	0.99466221873684024	0.34503300880885918
mirror_db_sample9	0.41124507657475773	0.10166959543701767	0.07004848345644177	0.00612359588482455	0.01482409494431666	0.11115182880833087	0.07458290122886788	0.02408564012997192	0.14674831929655183	0.03952046423891918	0.00000000000000000	0.99406101999122742	0.29288357204051590
mirror_db_sample10	0.45593251269934171	0.10380551500952931	0.08517355714639592	0.02904777890538223	0.00903533811376554	0.11752397844908580	0.06139987070878415	0.00000000000000000	0.09466327714596848	0.04341817182174691	0.00000000000000000	0.99185902732177744	0.26286600297700347
mirror_db_sample11	0.34569597439902650	0.17981523684377007	0.11161030365712936	0.00954544057006621	0.01077668506036838	0.10503279261879866	0.06468891140145182	0.00633668258067594	0.13558788271020242	0.03091009015851055	0.00000000000000000	0.99010455821010024	0.33746552420067455
mirror_db_sample12	0.35993654219061694	0.08827636217063657	0.05338050317427196	0.01584320142715586	0.01365134417967804	0.13654726978063325	0.11586949567066092	0.02632173718241073	0.12949703866413545	0.06067650555980027	0.00000000000000000	0.99132367910917563	0.28827491971282337
mirror_db_sample13	0.41274281444713018	0.15667563726760117	0.08745244571871272	0.05323848164147925	0.02838563450492800	0.09792304880154808	0.04840997003660590	0.00000000000000000	0.10285531630090659	0.01231665128108816	0.00000000000000000	0.99527282885350787	0.30727189802760052
mirror_db_sample14	0.37936730202350111	0.12736654103278550	0.06110963277322481	0.00313459710087783	0.03901300382252786	0.11821272184798984	0.08289244788651993	0.00000000000000000	0.15983651014512215	0.02906724336745097	0.00000000000000000	0.99485050483826665	0.31305220109406545
mirror_db_sample15	0.31227962057382552	0.12538134794263311	0.09257032179817876	0.04274358121750056	0.00000000000000000	0.10532513315086982	0.13836693487386123	0.02898753067246458	0.13201729958185457	0.02232823018881185	0.00000000000000000	0.97852228874702629	0.36609308823724679
mirror_db_sample16	0.38253220679039790	0.11700218618986834	0.05673084598588563	0.07576299112877830	0.01912325866394247	0.11808451875576891	0.11239054279166479	0.00896383911470345	0.07365129973661787	0.03575831084237251	0.00000000000000000	0.99361049673967428	0.29665819697062207
mirror_db_sample17	0.36747871747059846	0.12384216346995319	0.02223361610594741	0.04015880433657096	0.02279420636280043	0.09686402531380253	0.16432293912659021	0.04425752710770286	0.07460889843430522	0.04343910227172906	0.00000000000000000	0.98909306377310890	0.34895553461816803
mirror_db_sample18	0.36488023257515734	0.12933932076048565	0.07208945515568504	0.03720288529799369	0.02832315919992719	0.11579654223944905	0.08771297225432342	0.03102475023160510	0.11885106808539880	0.01477961419997477	0.00000000000000000	0.98923982352361006	0.31638858030639461
mirror_db_sample19	0.36576277770269378	0.11528169363652747	0.09134992110688293	0.08678582430667803	0.02082111498005577	0.10055856658130598	0.10815593967275594	0.00216662123924052	0.09936616465773644	0.00975137611612311	0.00000000000000000	0.98784423545233380	0.33133130311023673
mirror_db_sample20	0.32158277216248593	0.14402466488702942	0.09698935737630793	0.06865337777942659	0.00601830483250381	0.08001837213307429	0.14044150078019701	0.00906389214941150	0.11140619068859317	0.02180156721097037	0.00000000000000000	0.99168964036402452	0.37210568696462593
mirror_db_sample21	0.35266361333246787	0.12688003226560593	0.06081518915938976	0.02394542678217554	0.02958129391792267	0.08916480938808252	0.12951278628000934	0.04505860313931116	0.12245391306344749	0.01992433267158786	0.00000000000000000	0.99241623460325545	0.35241214247421693
mirror_db_sample22	0.37768718949964397	0.09903726998823825	0.06323340644765793	0.00000000000000000	0.03630025525531025	0.11462028110584326	0.12066995736575699	0.02274624881855899	0.14396588506241115	0.02173950645657930	0.00000000000000000	0.99374992903719173	0.30888426013213582
mirror_db_sample23	0.39100179086522852	0.11964557427374321	0.09720996087296876	0.00055871211992410	0.01327467588240639	0.09786259938986579	0.12290384530631930	0.01569990829687329	0.08353749633077584	0.05830543666189465	0.00000000000000000	0.99554047366840293	0.30261401354946410
mirror_db_sample24	0.38397110560896242	0.14758193050719573	0.06612641990783640	0.00000000000000000	0.03913040840380318	0.09466744021810604	0.10290799320829346	0.03251453947602558	0.09403488243353865	0.03906528023623846	0.00000000000000000	0.99245916188254235	0.33258335917101356
mirror_db_sample25	0.38660121166411965	0.15477615333020142	0.11001355353438984	0.05089932183758204	0.02226349470933477	0.10163993315022188	0.05741002790417757	0.00267056149204045	0.07870950917749173	0.03501623320044054	0.00000000000000000	0.98666695701841278	0.32090630662669256
mirror_db_sample26	0.34176650871335024	0.11722959702257693	0.10495195185268247	0.07470643053115908	0.02839549712411090	0.09850081467570787	0.11567443506662245	0.00000000000000000	0.07125884828016130	0.04751591673362887	0.00000000000000000	0.98485775336348269	0.34317126778717710
mirror_db_sample27	0.32970506152386220	0.16672277878327213	0.08219324601616296	0.00000000000000000	0.03177637447763425	0.07968005269044096	0.13128837944901328	0.02310171710290145	0.12937945945054166	0.02615293050617103	0.00000000000000000	0.99149555799627531	0.38204817259876561
mirror_db_sample28	0.38693804097897538	0.12300457438104018	0.03647552829346577	0.03574974741975761	0.03299714086126720	0.08792604055259910	0.15598235714170888	0.00509127966304590	0.10637440013059836	0.02946089057754175	0.00000000000000000	0.99135859804407989	0.35662434815524291
mirror_db_sample29	0.32143545838007404	0.18878075271662301	0.09147080687724526	0.03944608886967805	0.01645264605557579	0.10430679713173652	0.06761167399704855	0.03799518599981664	0.10782942631507131	0.02467116365713072	0.00000000000000000	0.99243601396676395	0.34107427519154171
mirror_db_sample30	0.32557679161931879	0.10276637346862950	0.14042864972830510	0.06725830358972779	0.02579099345699833	0.10932407050224770	0.10065731002056720	0.01929343598135266	0.08778732811794279	0.02111674351491002	0.00000000000000000	0.98630780189938883	0.31680878989964356
mirror_db_sample31	0.35515755324273618	0.14472010333494140	0.06716554453271570	0.06360842570826900	0.01939742742170662	0.07890007423546529	0.14740443727460312	0.01924458006702064	0.09602955773518437	0.00837229644735782	0.00000000000000000	0.95185976836172648	0.43120615772763943
mirror_db_sample32	0.39002780169672074	0.13017522430937073	0.04053318381136140	0.05430217076369193	0.01200750660677057	0.10799352678142116	0.10638155976349220	0.01833202189657816	0.09576733026394216	0.04447967410665089	0.00000000000000000	0.98445808074052421	0.33575120143583037
mirror_db_sample33	0.36529438005379550	0.15643361445350015	0.05445484826898805	0.06260052542765150	0.02934554369408041	0.09854929094585582	0.09271273158403692	0.00000000000000000	0.10746893596398220	0.03314012960810946	0.00000000000000000	0.99038118020536337	0.35172484292055423
mirror_db_sample34	0.38697107120083379	0.08471539352847081	0.04145424526998303	0.09267500177572827	0.01840269421737410	0.11241291268526729	0.11377589634454562	0.00000000000000000	0.11932404733054311	0.03026873764725382	0.00000000000000000	0.98619782414881940	0.32663760045010037
mirror_db_sample35	0.43945993206053047	0.16009810473041572	0.03536785391743060	0.00819831008495850	0.02054118270128557	0.07100721272249282	0.11067917141868203	0.01137290828470677	0.09403109960331821	0.04924422447617945	0.00000000000000000	0.99305562574562345	0.35210030049596686
mirror_db_sample36	0.31557351103121317	0.08771987807359471	0.07705556720602945	0.09424384513174647	0.02553277427022185	0.09779312531856466	0.13142155287660748	0.02213941219511528	0.12859417424119757	0.01992615965570931	0.00000000000000000	0.98628575200942525	0.35963694568957244
mirror_db_sample37	0.27228011916982064	0.11856383935049410	0.08750435746154515	0.09150517562817106	0.03377040835907897	0.08479743228629370	0.18641975099673197	0.03551509192687133	0.06293406063841998	0.02670976418257315	0.00000000000000000	0.96647688788326469	0.41676970738127955
mirror_db_sample38	0.41254238830611611	0.21400617838275318	0.02882597068334037	0.03613765617374507	0.00892131458464011	0.10806609634565997	0.09013347478723192	0.01088165739248190	0.08221070689053078	0.00827455645350040	0.00000000000000000	0.99431999454374798	0.32183146820240238
mirror_db_sample39	0.37750690482469934	0.10152627441791795	0.03999089773909161	0.09294833647897688	0.02646273455567167	0.12079266930585210	0.10323368241767800	0.00378981080443876	0.10855155796152560	0.02519713149414817	0.00000000000000000	0.98688854228792133	0.31938100004146242
mirror_db_sample40	0.36281981424718346	0.11632369782980910	0.07440987472832856	0.01182335112531329	0.01496216907537651	0.08699506429148628	0.14235186846518433	0.04189424611258875	0.11081903872684983	0.03760087539787980	0.00000000000000000	0.99172825325247194	0.34389070898075130
mirror_db_sample41	0.34436358422320434	0.15967255356901081	0.11792119793274414	0.01698347416072999	0.02390917365906009	0.12503317576963416	0.05638730468284554	0.00333830132276972	0.11693241282559790	0.03545882185440343	0.00000000000000000	0.99604022666253178	0.29075121070181514
mirror_db_sample42	0.33538186296519928	0.13597662234304606	0.07812088785490312	0.02909628073170522	0.03400931659002498	0.15775877822277967	0.08276347194087345	0.01365692870803963	0.10571729710974109	0.02751855353368758	0.00000000000000000	0.99464198161078399	0.25842295177956182
mirror_db_sample43	0.34704627306823188	0.12522818268759106	0.06946625641464042	0.03316447455568829	0.00501798993860708	0.12484367457198671	0.09165627458815076	0.03121977219235100	0.12734396410931598	0.04501313787343682	0.00000000000000000	0.98453158706554433	0.32223935654922931
mirror_db_sample44	0.33160360690570861	0.13524214523376338	0.05171770780043113	0.06487884766652947	0.02010869044747201	0.07966172780606728	0.15219128111755598	0.04157533997438725	0.08691084492291980	0.03610980812516495	0.00000000000000000	0.99253362315891669	0.37247402962042642
mirror_db_sample45	0.36585197986617318	0.17772336655168544	0.07714691830044175	0.07803907496336249	0.00000000000000000	0.09354473083783167	0.06127141136696508	0.00269285314603938	0.07893490223867686	0.06479476272882415	0.00000000000000000	0.98330914275522907	0.35742868210449413
mirror_db_sample46	0.32085628301687680	0.12602774108751480	0.05663839627737127	0.06934764005268074	0.03098123639259813	0.10885584276542307	0.11141131076458016	0.04916339931604711	0.10414916198395699	0.02256898834295109	0.00000000000000000	0.98493001703858163	0.35031152346135919
mirror_db_sample47	0.27829412000914844	0.13814733654792649	0.10777338081102034	0.03909199888405048	0.03465933939840691	0.08451295861709318	0.15929830151878308	0.03812200051214395	0.09148532014038648	0.02861524356104056	0.00000000000000000	0.98557942161058987	0.38488793516438241
mirror_db_sample48	0.33769815199741465	0.13765062551590029	0.09300092977652422	0.11116530924496056	0.02375647719290387	0.08991338550081494	0.08825561027966818	0.01557312699940208	0.09093136525955295	0.01205501823285837	0.00000000000000000	0.98554227309232223	0.35805313125182719
mirror_db_sample49	0.46439920470640156	0.05463134412509558	0.07826350177052961	0.00490504655311231	0.01783833737418555	0.08449333149918138	0.12203232503270665	0.01266515491434981	0.10271919431415966	0.05805255971027801	0.00000000000000000	0.99375209372608486	0.28948766084716326
mirror_db_sample50	0.38882881287417709	0.15095245306211552	0.06730635045757567	0.08293072802065388	0.00667121471322088	0.10685862578868800	0.05961874123614367	0.00426503271377737	0.11825780611088527	0.01431023502276249	0.00000000000000000	0.97387543658772291	0.35626862965416417
mirror_db_sample51	0.40771806419960677	0.12722777366727694	0.09795469524104898	0.00155423961886113	0.02838724926942152	0.09772037376051891	0.08389825973508327	0.02648710451304913	0.11376180402561362	0.01529043596951975	0.00000000000000000	0.99464060661174691	0.30066970868044629
mirror_db_sample52	0.31525345465023957	0.08663052320079763	0.08818007722665838	0.03377011686443672	0.03855014131916564	0.10630178737730463	0.21258114196881644	0.00000000000000000	0.10398886617054184	0.01474389122203901	0.00000000000000000	0.98453148626312381	0.35556799645943177
mirror_db_sample53	0.38819416973900489	0.15880414765339668	0.09002906510505897	0.00288985750184511	0.01797252069268091	0.09578650653817204	0.05341261516073881	0.02598531404085671	0.14890079332794168	0.01802501024030429	0.00000000000000000	0.99235987591120045	0.32868308006426705
mirror_db_sample54	0.39867628502721275	0.10274905044485334	0.04757949227439678	0.01438521093540802	0.02877004485743621	0.11001527054748780	0.12785663513007484	0.01846448165170833	0.11519711149211165	0.03630641763931024	0.00000000000000000	0.99430232815238673	0.30702549729791473
mirror_db_sample55	0.35103302057882418	0.15907867716247284	0.05166063403615298	0.03871603244653020	0.02881953472449626	0.08921664435875655	0.16629463145988443	0.01542899480789159	0.08972861409643935	0.01002321632855171	0.00000000000000000	0.98561694763819330	0.37632714504623077
mirror_db_sample56	0.46630025543361614	0.19888096303373426	0.02554911300145338	0.03654016784200670	0.00295191151203538	0.09699767061447369	0.06408137116384578	0.00676278152525837	0.07812647302539849	0.02380929284817768	0.00000000000000000	0.99521436112539952	0.30815542230077897
mirror_db_sample57	0.35161797579787440	0.12137000335155755	0.11339347781427718	0.01016147020013357	0.03622436380853802	0.10628427104277549	0.08132053542463823	0.02157618715525848	0.13526591131558097	0.02278580408936593	0.00000000000000000	0.99334294157397984	0.31522703210116104
mirror_db_sample58	0.38642534237761939	0.09745585076577576	0.04923037657739179	0.03147647666345259	0.00955540867946917	0.09004381464653152	0.18226558727745759	0.00642956283357054	0.13704158974255759	0.01007599043617426	0.00000000000000000	0.98807414233977853	0.35433148141959980
mirror_db_sample59	0.43039327516291481	0.11844442554389974	0.06294213147051320	0.03887927380716456	0.00291649599145868	0.05311688913176675	0.12113158584045094	0.01059852658305919	0.13985180450017895	0.02172559196859295	0.00000000000000000	0.96287482573863070	0.41401919678080135
mirror_db_sample60	0.38080456188201756	0.16368743038792744	0.05121270623427852	0.03333672007535386	0.01424769603419255	0.10453592794367489	0.10985174108023972	0.00000000000000000	0.11525143260103182	0.02707178376128365	0.00000000000000000	0.99409873802281623	0.33386729070292887
mirror_db_sample61	0.40967857736129387	0.14686409569320655	0.07226841562708529	0.00000000000000000	0.02912647952335213	0.09241301267577713	0.09311509773527939	0.02729181523180459	0.10974608314810885	0.01949642300409213	0.00000000000000000	0.99376549372863887	0.32119332633590603
mirror_db_sample62	0.36625339640694521	0.10126279539915661	0.10123772077373216	0.03068456445480159	0.01288799096125608	0.09008553536008591	0.12927063336049238	0.02346070548491005	0.10342163285091081	0.04143502494770929	0.00000000000000000	0.99226444148322057	0.32681596684211717
mirror_db_sample63	0.44177162582249546	0.11100829659075982	0.07411123248430554	0.03924496559642667	0.03060065061121903	0.10424394126844932	0.05620733266492137	0.00813836695905392	0.09688648859303879	0.03778709940933015	0.00000000000000000	0.98380667373079167	0.30972446709049983
mirror_db_sample64	0.36057695079709851	0.10841582777641176	0.02930163760528839	0.06184021141995177	0.02254489079336350	0.10489140016496820	0.16646540460711037	0.02016155277278573	0.10091596813302525	0.02488615592999641	0.00000000000000000	0.99138984344820824	0.34054638735111786
mirror_db_sample65	0.36952916964955362	0.11680681655525371	0.09289552693385975	0.06796174780317625	0.01726273410788116	0.08413656943369967	0.08549845495714019	0.00694306060285230	0.10191897067212556	0.05704694928445780	0.00000000000000000	0.98534441019449015	0.35288799452851022
mirror_db_sample66	0.34445214684973413	0.07204896631035050	0.08970181569924356	0.09725450952037429	0.00801676690586660	0.10698614606546535	0.14005848353779926	0.02663295891465108	0.09472130134186540	0.02012690485464988	0.00000000000000000	0.98451187426224251	0.32652079400256101
mirror_db_sample67	0.32795646717733012	0.17436638965924750	0.11012636962029787	0.00000000000000000	0.02477906667556479	0.09362604837053559	0.14143818112180437	0.02132969790100263	0.07922347054455711	0.02715430892966010	0.00000000000000000	0.99496264094733688	0.34241481560217774
mirror_db_sample68	0.31669000894528576	0.12720294620144226	0.11579060849809147	0.09884584907869047	0.02977066790530171	0.11289960038844382	0.09991689172207299	0.00548677734060457	0.07735088726076092	0.01604576265930600	0.00000000000000000	0.98569505458723505	0.33018604437762650
mirror_db_sample69	0.39484768174466817	0.07962506019311455	0.06627004886988598	0.06274774904575067	0.01009090704955757	0.08916087269800191	0.12244590390742166	0.01853204026557664	0.10086133879746885	0.05541839742855405	0.00000000000000000	0.98960230885376332	0.32925218439084475
mirror_db_sample70	0.35843643410619958	0.07610371835299129	0.04393756083989458	0.07724740666706781	0.02319927977666930	0.09763731676055178	0.15841655627876353	0.03863102733791031	0.10081419053069186	0.02557650934926016	0.00000000000000000	0.99480777359188044	0.32795736487232097
mirror_db_sample71	0.38728822014818509	0.12634900316444331	0.06738525626334640	0.04179246012835153	0.01662527601818540	0.13515474806078973	0.05044912431873832	0.02897327898519467	0.12867167232703983	0.01731096058572597	0.00000000000000000	0.98926911002283702	0.28269217065564073
mirror_db_sample72	0.38844706719730593	0.10793780682412323	0.06386692828015958	0.11217581296837707	0.02166892663813998	0.10926596818540282	0.08529863426257929	0.00000000000000000	0.07216718734021108	0.03917166830370121	0.00000000000000000	0.95047107082823923	0.39037742736402381
mirror_db_sample73	0.33260791973521653	0.14149856356670423	0.10923772209327187	0.05239765516356438	0.01488553123683277	0.10232170172516913	0.09412084121234834	0.02083959096171857	0.10763620156794647	0.02445427273722784	0.00000000000000000	0.98736702992578751	0.33945653424384631
mirror_db_sample74	0.30027461314002890	0.10535916163035969	0.09004913144461243	0.04373780424055516	0.02685761700841121	0.09935045216073139	0.14289844787980022	0.03825862900072796	0.12062926734173846	0.03258487615303469	0.00000000000000000	0.98281531649525922	0.36622376833980319
mirror_db_sample75	0.42161150880938003	0.07258869613580031	0.06997505315763740	0.04342337516626278	0.03602339793084124	0.10527252123791617	0.09585914531186038	0.01680441318607117	0.10178020525566048	0.03666168380857017	0.00000000000000000	0.98208435924279103	0.31599232608691585
mirror_db_sample76	0.37683679429186018	0.15663635506562482	0.06173872485924588	0.00000000000000000	0.02262555751974023	0.13244547157020553	0.08936993015793786	0.01560556758831548	0.10741485460987525	0.03732674433719498	0.00000000000000000	0.98917785225258092	0.30079048858101226
mirror_db_sample77	0.32652814814308867	0.10370702236473804	0.10887600171718297	0.00000000000000000	0.03945079061810104	0.10003483750733005	0.08358317457221741	0.03383515303435450	0.13966734714304449	0.06431752489994275	0.00000000000000000	0.99223923827717930	0.33217095162002391
mirror_db_sample78	0.43298853835282830	0.14391542740689847	0.07969803809340101	0.06990198440139279	0.00776421272590690	0.12516621996025573	0.03258854496389729	0.00000000000000000	0.08086406363799672	0.02711297045742275	0.00000000000000000	0.99273111851979923	0.26427174565579759
mirror_db_sample79	0.32146559076171377	0.14629698979589167	0.12448277767463709	0.03013155879068258	0.02412892235237946	0.10208366229858001	0.08705206555155393	0.02135373032622545	0.10954274834240704	0.03346195410592907	0.00000000000000000	0.99210802862269920	0.33122114255977808
mirror_db_sample80	0.36596301999806646	0.13152886409724776	0.09496075909308258	0.01169245358135650	0.02854940364624586	0.08091590892815864	0.11182675367934178	0.02115957530482091	0.11895310873483607	0.03445015293684341	0.00000000000000000	0.98868334976627636	0.35680916445449479
mirror_db_sample81	0.32418396986751258	0.12322797998606530	0.06956930401994092	0.02835938518616798	0.01987136790158925	0.08778218428757406	0.16649323911834518	0.04422926329825309	0.11001305005976757	0.02627025627478404	0.00000000000000000	0.99424119045067794	0.35825749918053174
mirror_db_sample82	0.42966710933275565	0.08957370666879538	0.05753361422564757	0.00729554298173911	0.02027579376460504	0.09188894554269242	0.14188676263647421	0.03200381481334937	0.08549078178831487	0.04438392824562651	0.00000000000000000	0.99508921704988651	0.30102356886309301
mirror_db_sample83	0.31602727278807841	0.12313588150011913	0.10075245604542649	0.03865702326194989	0.02534525930531777	0.09042161728803026	0.11708702786069561	0.02830112559319000	0.12681106687777574	0.03346126947941679	0.00000000000000000	0.99236980953309750	0.35483246652947587
mirror_db_sample84	0.34378401898519872	0.14798933679815601	0.03833072741991624	0.07843299442071916	0.03370383823214727	0.11144121942827311	0.08473778431737716	0.02461105554183184	0.09720339339366037	0.03976563146272009	0.00000000000000000	0.99396256888510259	0.33304474227057879
mirror_db_sample85	0.36213217531566599	0.16080054520621204	0.04666708130812063	0.00312560815026361	0.02905868809635544	0.10492355489958401	0.13576187575639548	0.02735800043351960	0.10870975560135564	0.02146271523252760	0.00000000000000000	0.99029379248999838	0.34572883167395346
mirror_db_sample86	0.37383684895442004	0.10232454997027751	0.06064865011289879	0.00902153429818198	0.02481436921612057	0.09066709874117992	0.20236101412862581	0.02238251382842401	0.10194511992074130	0.01199830082913001	0.00000000000000000	0.98460606504279402	0.35628618044188232
mirror_db_sample87	0.32447438492833924	0.14387815445352667	0.10405847418135213	0.01666991933704697	0.01630808076212121	0.08973903053472025	0.14038389647036545	0.00659921266049989	0.08790131631221181	0.06998753035981649	0.00000000000000000	0.99339753638525807	0.35093585374025671
mirror_db_sample88	0.33565227464950353	0.14904926458476606	0.10435408257402025	0.04383429570773479	0.01998287773442579	0.13883758233640861	0.04241091982742131	0.00779328436482718	0.11222289985657637	0.04586251836431603	0.00000000000000000	0.98935478369978258	0.29141526144897767
mirror_db_sample89	0.33149312206985049	0.16705037756848728	0.09174319684858021	0.05370017489007647	0.02017858839034108	0.14951929679813597	0.07507279364167316	0.00665681121777109	0.07883573475312583	0.02574990382195836	0.00000000000000000	0.98613965826122552	0.29089546416676154
mirror_db_sample90	0.30964295844943956	0.14574883304892988	0.05272526356117000	0.05622776330996675	0.02049167509737297	0.12686158033024580	0.16055331351409827	0.01586098538014048	0.08992583580094625	0.02196179150768992	0.00000000000000000	0.98538015685837377	0.34188135755983418
mirror_db_sample91	0.34877820272256826	0.12611971641448011	0.10205867256290310	0.06350851775716028	0.00561846518638587	0.09616813981623973	0.07930746691827049	0.03949410419547796	0.11534360688154158	0.02360310754497260	0.00000000000000000	0.98415073128783559	0.34235062287988888
mirror_db_sample92	0.44570831828264540	0.15143468089031709	0.08588335689257383	0.01374094826433549	0.02565898816838631	0.11423292074539582	0.05870908661134887	0.01818941701842936	0.07551502130979774	0.01092726181677013	0.00000000000000000	0.99205666586655605	0.27270657521139596
mirror_db_sample93	0.29975673822346893	0.14065584132751791	0.10363410684010875	0.01346259957951195	0.00168068278398085	0.10188945557207733	0.09556323615371362	0.03946397146963963	0.12728463543199153	0.07660873261798951	0.00000000000000000	0.99246166387537949	0.34176511625121592
mirror_db_sample94	0.35152412922598458	0.13459856208766205	0.08581528532358182	0.09095948901954398	0.00140590227798436	0.08160274078561514	0.08921260655082718	0.01044819158823681	0.13016355065504628	0.02426954248551793	0.00000000000000000	0.98708609144973525	0.36727743690021686
mirror_db_sample95	0.42735182232561447	0.15374291053768946	0.08190079159274556	0.00000000000000000	0.03792929029935219	0.10577909699908779	0.09614419446754141	0.00000000000000000	0.09553081251087725	0.00162108126709189	0.00000000000000000	0.99323977719962220	0.29957300683027338
mirror_db_sample96	0.39994216018818246	0.09218957447733125	0.08515934117634903	0.06444570718188525	0.02845829269417805	0.12807216126251383	0.07034370825039335	0.01827216940332814	0.08979774969059252	0.02331913567524618	0.00000000000000000	0.98915404474950108	0.27375212019291351
mirror_db_sample97	0.40294549864490492	0.11665617507387092	0.06860457881851068	0.05295871566233716	0.02781982038956206	0.11805430474587274	0.09220654730092837	0.01593348550882733	0.07923916824605978	0.02558170560912602	0.00000000000000000	0.92761462550064888	0.42092013822911789
mirror_db_sample98	0.33158450448414761	0.16624849907991240	0.06180193412902521	0.00926538098507870	0.04044589001147990	0.08931740674687466	0.14117112420173178	0.03522860415741464	0.10957089503461583	0.01536576116971919	0.00000000000000000	0.99155157555517526	0.37142607729511129
mirror_db_sample99	0.32583116072929880	0.09323527648461025	0.09569833846685495	0.10082135457425120	0.02133668492877125	0.10904174217687379	0.11866666661882368	0.00314506622966047	0.11671001629846602	0.01551369349238964	0.00000000000000000	0.99187656129643109	0.32574672050249198
mirror_db_sample100	0.40295004467981094	0.08334142745211214	0.09484578459810948	0.10216452152092313	0.00749145236136039	0.11234489487089891	0.05912649447941803	0.00000000000000000	0.11292464566324210	0.02481073437412498	0.00000000000000000	0.98147855152897723	0.31015948713752561
